23331313231313133312132313221344444434232344243313
23231323134433443333444433444433241244333323441323
22134412232213222323442333234413134433332233331344
23233323333344333313331444122333131333124433443313
24444433444423334423232344331323243324142344341334
34442414142434441323132323232323442244333313331344
44124433333344134444332222232244334444444433444433
13232212442323131223143344331222233313224422441344
13441223121322124413132212332313342222131323333313
34143414443344133444242313231423333324132313233423
13332323124413443313233323232313232344133312231434
24121212341434333322132213233312334422122323222212
22122313233312233333231323233323233313333323442333
24144434122213232213122212132224133414231314342222
44341322122212244414223424122234333412332333133314
33443423132214122422333422333423332322223444142333
2414232434